training_date: 2025-12-09T09:05:19.491477
training_size: 3691
test_size: 923
accuracy: 0.9729144095341279
precision: 0.9718614718614719
recall: 0.9739696312364425
f1: 0.9729144095341279
roc_auc: 0.9973237174972532
